13
5 10
0 0 4 3 1 2
10 10
3 7
10 20
0 0 0 0 5 5 9 8 8 9 0 0
5 5
4 4 0 4 4 0 0 0
4 4
2 3 1 2
100 50
86 10 65 3 89 49 0 3 0 0 99 49 99 49 40 30 41 31 42 32 43 32
1 1 
0 0 0 0 0 0 0 0
5 10
4 9 4 8
5 10
4 9 4 9 4 9 4 7 0 0 4 7 4 9 
10 10
1 1 2 2 5 1 2 1 5 1 8 4 9 6 1 2 5 6 1 2 5 7 1 2 5 7 3 1 2 4 6 8 9 1 2 4 6 5 7 7 8 2 8 1 9 9 9 9
1 10
0 2 0 5 0 2 0 2 0 5 0 9 0 9 0 4 0 5 0 0 0 4 0 6 0 1 0 1 0 7 0 8
5 5
0 0 0 1 0 2 0 3 0 4 1 0 1 1 1 2 1 3 1 4 2 0 2 1 2 2 2 3 2 4 3 0 3 1 3 2 3 3 3 4 4 0 4 1 4 2 4 3 4 4
6 6
0 0 4 4 0 4
