13
1 2 3
1 2 3 1 2 3
10 10 13 16 19
1 1 1 1 1 1 1 1 1 1 1
1 3 5 7 9 3 5 19
2 2 2 6
1 2 3 4 5 6 7 8 9 10 11 12 13 14 15 16 17 18 19 20
1 2 3 4 5 6 7 8 9 10 11 12 13 14 15 16 17 18 19 20 21 22 23 24 25 26 27 28 29 30 31 32 33 34 35 36 37 38 39 40 41 42 43 44 45 46 47 48 49 50 51 52
18 17 5 12 9 18 5 15 5 11 10 14 14 15 3 9 11 13 13 10 4 17 14 19 9 9 3 7 6 1 17 11 16 11 1 16 1 7 6 7
1 2 3 6 10 16 100 200 300 1000 2000 3000 10000 20000 30000 100000 200000 300000
67 8 41 10 98 14 92 60 41 73 10 63 46 7 89 44 100 76 47 72 68 39 48 68 44 9 18 73 8 41 21 43 41 59 93 52 54 81 43 48 95 56 56 76 28 7 57 80 54 43 
76 15 43 55 80 78 28 51 47 27 66 17 98 24 8 20 75 34 52 81 29 41 82 7 93 96 89 17 96 54 71 62 53 92 6 86 87 5 55 53 64 33 96 55 54 86 87 79 91 78 85 8 36 14 9 22 30 91 37 65 
1 2 3 1 2 3 1 2 3 1 2 3 1 2 3 1 2 3
