11
0

50 100
3
25 30 34
30 40
7
25 30 25 30 25 40 50
50 100
1
1
10 20
10
25 25 30 50 50 100 100 40 50 30
130 500 
0

1 2
12
25 25 30 50 10 10 12 20 100 150 150 200
200 300
10
100 100 100 100 100 100 100 100 100 100
50 51
11
72 29 102 281 10 84 29 10 28 28 10
500 10000
201
121 32 103 71 21 22 41 42 101 20 25 41 35 38 45 24 86 36 10 35 10 11 66 20 73 35 103 20 80 39 12 43 37 78 15 23 109 12 35 18 25 70 35 34 35 73 36 28 31 10 80 23 75 16 77 10 25 22 21 31 27 35 10 20 42 43 37 21 34 12 31 26 42 20 32 20 10 10 33 16 41 18 41 13 10 43 26 31 18 46 42 26 29 21 46 49 24 36 26 29 31 31 22 23 133 32 76 11 31 12 18 26 36 26 75 16 27 34 26 25 90 18 18 24 26 34 23 28 28 74 38 11 53 103 40 40 70 34 43 31 42 46 36 73 10 37 25 7 105 51 54 88 15 36 26 102 33 27 25 36 20 36 36 36 39 36 36 74 27 37 22 17 31 8 20 84 20 70 19 36 36 33 36 36 73 38 51 47 28 12 45 22 17 25 25 25 17 31 32 35 19 
4000 6000
251
38 24 28 36 31 58 45 16 102 24 35 51 54 15 101 43 67 109 26 33 40 28 41 71 47 36 36 37 38 37 38 74 109 25 38 38 19 33 36 59 42 70 32 26 38 9 74 15 31 14 32 29 31 23 28 41 19 33 30 31 30 40 78 37 10 41 12 24 22 16 43 38 15 32 10 30 37 27 10 33 27 34 34 29 66 27 48 28 30 52 10 40 18 37 10 80 31 15 15 17 11 30 44 28 103 28 43 28 92 15 18 25 23 15 44 22 91 7 36 15 15 10 27 5 66 28 34 32 12 22 11 26 37 30 69 36 30 40 34 36 35 38 43 35 39 31 33 17 26 41 45 49 27 37 55 15 45 56 101 20 38 24 66 21 51 40 67 20 51 65 70 20 38 39 110 7 16 35 37 38 31 23 76 62 18 23 35 20 26 23 36 17 26 27 24 37 49 66 18 21 64 20 15 25 17 25 30 32 11 32 32 10 53 10 35 53 39 30 51 52 28 22 36 40 32 33 27 33 32 61 39 35 41 12 15 101 36 33 43 36 32 15 16 100 10 45 10 16 27 19 62
3000 7500
