14
Samantha
3
25.25
23.00
25.15
Josh
7
21.65
56.29
251.14
129.90
541.25
433.00
-56.29
Oscar
3
300.00
150.00
-150.00
John
2
-150.16
125.99
Nada
10
1.00
2.00
3.00
4.00
5.00
6.00
7.00
8.00
9.00
10.00
Jesse
3
10.00
19.00
-29.00
Max
5
-12378.82
2231.23
19823.82
-2819.99
1827.83
Mike
4
-100.00
250.15
-200.00
-150.15
Max
8
816.29
126.72
12.42
20.19
0.23
0.00
-27.89
-72.28
Lima
1
0.01
Jack
1
0.00
terri
5
-142.21
160.12
-272.23
217.00
102.95
#$%$^
4
5.00
10.00
15.00
-5.00
Last
4
100.00
200.00
50.00
300.00
